158 1 4 6 9 11 12 13 14 
159 1 3 4 6 10 12 13 14 
160 4 6 9 10 12 13 14 
161 2 5 7 8 9 10 12 13 14 
162 3 5 6 7 8 9 10 12 14 
163 3 4 5 7 10 11 12 15 
164 2 4 6 9 10 13 14 15 
165 6 7 9 10 13 14 15 
166 2 4 7 8 10 11 12 14 
167 4 5 8 13 14 15 
168 2 3 4 5 6 7 10 11 13 
169 2 3 4 8 11 12 15 
170 1 2 10 11 13 14 
171 1 2 3 6 7 8 9 11 12 
172 1 2 3 4 5 7 8 9 10 14 15 
173 3 4 5 6 8 9 12 13 14 
174 3 4 7 8 10 11 12 13 
175 1 2 5 7 8 9 13 14 
176 1 3 8 9 10 11 12 
177 1 3 4 7 8 9 12 13 15 
178 1 3 4 7 8 9 12 13 
179 2 3 5 6 7 10 14 15 
180 2 3 4 6 7 8 10 11 12 13 14 15 
181 1 2 4 5 7 8 11 13 15 
182 1 4 9 11 14 15 
183 1 3 5 7 8 10 
184 2 3 4 5 7 8 9 13 14 15 
185 4 6 9 13 14 15 
186 1 3 9 11 12 13 15 
187 1 2 3 4 6 7 9 10 11 12 14 
188 1 3 6 8 11 12 13 14 
189 4 5 7 11 13 14 15 
190 3 4 6 9 12 14 
191 1 3 5 9 12 15 
192 6 8 9 10 11 13 14 15 
193 2 3 4 5 7 8 11 14 
194 2 5 6 7 9 10 11 
195 1 2 4 5 6 7 8 9 14 
196 2 12 15 
197 1 3 5 6 8 9 10 11 12 13 14 15 
198 4 5 6 9 10 12 13 14 15 
199 5 9 
200 3 5 7 8 9 11 14 
201 5 7 10 11 13 14 15 
202 1 2 3 4 6 7 9 10 14 15 
203 1 2 4 8 9 10 11 12 14 15 
204 1 2 4 5 6 9 10 15 
205 1 2 5 7 8 12 15 
206 1 11 12 13 14 
207 2 3 7 8 11 
208 2 4 5 6 7 8 12 13 14 15 
209 1 2 8 13 15 
210 3 4 6 7 10 11 12 
211 5 7 11 14 
212 1 2 3 5 6 11 12 13 15 
213 1 2 4 5 6 7 10 11 12 15 
214 5 6 8 9 11 13 15 
215 2 3 4 5 6 10 14 15 
216 2 8 9 14 15 
217 2 6 8 10 13 
218 3 4 6 7 9 12 13 15 
219 1 7 8 9 
220 1 2 5 9 13 14 
221 1 4 5 7 8 10 11 12 
222 3 7 11 15 
223 2 3 4 5 6 7 8 9 15 
224 1 2 5 7 13 
225 1 4 5 6 7 10 12 14 
226 1 3 8 9 12 13 14 15 
227 1 4 5 9 11 12 14 15 
228 1 2 3 4 5 8 11 
229 3 4 5 6 7 8 9 12 14 15 
230 3 4 10 11 12 14 15 
231 1 2 5 8 9 11 12 13 15 
232 4 7 9 10 13 
233 2 4 5 6 7 8 10 11 12 13 14 
234 3 6 7 12 
235 1 2 3 5 7 8 9 11 12 14 15 
